# name: debug
# type: sparse matrix
# nnz: 1303
# rows: 77
# columns: 77

1 1 2.13325636
2 1 -4.0722014
3 1 -0.265039135
4 1 -8.09755215
5 1 -0.96921021
6 1 2.02751433
7 1 -0.285818281
8 1 5.42019172
1 2 -4.0722014
2 2 418.525301
3 2 2.35502348
4 2 0.185435387
5 2 47.5547078
6 2 -778.201408
7 2 -23.2305253
8 2 1.32257066
9 2 -63.03178
10 2 388.660985
11 2 16.2451601
12 2 0
1 3 -0.265039135
2 3 2.35502348
3 3 414.850145
4 3 13.9673851
5 3 -1.60096321
6 3 16.6229716
7 3 -772.661432
8 3 -12.9322371
9 3 -8.64188539
10 3 -16.2451575
11 3 388.660985
12 3 0
1 4 -8.09755215
2 4 0.185435387
3 4 13.9673851
4 4 420.914286
5 4 56.5193721
6 4 0.748905051
7 4 -27.7661715
8 4 -780.92243
9 4 -58.010685
10 4 -0.753382873
11 4 14.335913
12 4 389.000341
1 5 -0.96921021
2 5 47.5547078
3 5 -1.60096321
4 5 56.5193721
5 5 13.9157637
6 5 -91.4053555
7 5 1.8623717
8 5 -111.629583
9 5 -16.0030995
10 5 46.3406004
11 5 -0.687103921
12 5 57.7179891
1 6 2.02751433
2 6 -778.201408
3 6 16.6229716
4 6 0.748905051
5 6 -91.4053555
6 6 2242.48167
7 6 10.2608917
8 6 -6.38638654
9 6 238.361825
10 6 -1992.03531
11 6 -39.7447205
12 6 2.28900883
13 6 -64.081746
14 6 509.334497
15 6 16.5424461
16 6 0
1 7 -0.285818281
2 7 -23.2305253
3 7 -772.661432
4 7 -27.7661715
5 7 1.8623717
6 7 10.2608917
7 7 2227.37103
8 7 48.8707772
9 7 38.4145104
10 7 25.8304884
11 7 -1982.46465
12 7 -16.9433079
13 7 -8.32950616
14 7 -16.5424447
15 7 509.334501
16 7 0
1 8 5.42019172
2 8 1.32257066
3 8 -12.9322371
4 8 -780.92243
5 8 -111.629583
6 8 -6.38638654
7 8 48.8707772
8 8 2249.57519
9 8 221.695269
10 8 8.09250307
11 8 -52.7786021
12 8 -1996.87557
13 8 -72.7639563
14 8 -3.0286872
15 8 16.8400619
16 8 509.603067
2 9 -63.03178
3 9 -8.64188539
4 9 -58.010685
5 9 -16.0030995
6 9 238.361825
7 9 38.4145104
8 9 221.695269
9 9 53.846108
10 9 -256.328814
11 9 -44.6668038
12 9 -240.354318
13 9 -21.3657917
14 9 80.99877
15 9 14.8941787
16 9 76.4732588
2 10 388.660985
3 10 -16.2451575
4 10 -0.753382873
5 10 46.3406004
6 10 -1992.03531
7 10 25.8304884
8 10 8.09250307
9 10 -256.328814
10 10 3041.59145
11 10 12.2417461
12 10 -7.31244307
13 10 180.163539
14 10 -1981.58846
15 10 -41.3023765
16 10 4.21942935
17 10 -87.1103194
18 10 543.385342
19 10 19.4753007
20 10 0
2 11 16.2451601
3 11 388.660985
4 11 14.335913
5 11 -0.687103921
6 11 -39.7447205
7 11 -1982.46465
8 11 -52.7786021
9 11 -44.6668038
10 11 12.2417461
11 11 3025.66363
12 11 47.4782839
13 11 25.5886778
14 11 30.7331179
15 11 -1975.2313
16 11 -17.43155
17 11 -23.6500094
18 11 -19.4753037
19 11 543.385346
20 11 0
2 12 0
3 12 0
4 12 389.000341
5 12 57.7179891
6 12 2.28900883
7 12 -16.9433079
8 12 -1996.87557
9 12 -240.354318
10 12 -7.31244307
11 12 47.4782839
12 12 3049.81431
13 12 207.417833
14 12 8.72981121
15 12 -48.4603082
16 12 -1985.79584
17 12 -76.9208163
18 12 -3.70637698
19 12 17.9253321
20 12 543.734239
6 13 -64.081746
7 13 -8.32950616
8 13 -72.7639563
9 13 -21.3657917
10 13 180.163539
11 13 25.5886778
12 13 207.417833
13 13 34.81074
14 13 -183.434943
15 13 -27.8904874
16 13 -213.920307
17 13 -22.4034069
18 13 67.3531498
19 13 10.6313158
20 13 79.4859499
6 14 509.334497
7 14 -16.5424447
8 14 -3.0286872
9 14 80.99877
10 14 -1981.58846
11 14 30.7331179
12 14 8.72981121
13 14 -183.434943
14 14 3246.36892
15 14 13.4810945
16 14 -14.9584059
17 14 282.350444
18 14 -2226.28906
19 14 -41.2757103
20 14 4.07382914
21 14 -55.253886
22 14 452.188116
23 14 13.6039418
24 14 0
6 15 16.5424461
7 15 509.334501
8 15 16.8400619
9 15 14.8941787
10 15 -41.3023765
11 15 -1975.2313
12 15 -48.4603082
13 15 -27.8904874
14 15 13.4810945
15 15 3231.79167
16 15 56.249692
17 15 83.4043958
18 15 24.8827817
19 15 -2218.06896
20 15 -16.1198242
21 15 -12.9865787
22 15 -13.6039449
23 15 452.188113
24 15 0
6 16 0
7 16 0
8 16 509.603067
9 16 76.4732588
10 16 4.21942935
11 16 -17.43155
12 16 -1985.79584
13 16 -213.920307
14 16 -14.9584059
15 16 56.249692
16 16 3256.4443
17 16 253.038855
18 16 15.2265063
19 16 -53.1013726
20 16 -2232.45167
21 16 -60.3814564
22 16 -4.48752976
23 16 14.2832306
24 16 452.392704
10 17 -87.1103194
11 17 -23.6500094
12 17 -76.9208163
13 17 -22.4034069
14 17 282.350444
15 17 83.4043958
16 17 253.038855
17 17 59.4388804
18 17 -266.307359
19 17 -82.8104792
20 17 -241.738267
21 17 -18.0994386
22 17 71.0672342
23 17 23.0560927
24 17 65.3828016
10 18 543.385342
11 18 -19.4753037
12 18 -3.70637698
13 18 67.3531498
14 18 -2226.28906
15 18 24.8827817
16 18 15.2265063
17 18 -266.307359
18 18 2817.93453
19 18 12.6429419
20 18 -10.8082643
21 18 139.838921
22 18 -1494.26429
23 18 -31.3218453
24 18 3.92812775
25 18 -52.071137
26 18 359.247495
27 18 13.2714258
28 18 0
10 19 19.4753007
11 19 543.385346
12 19 17.9253321
13 19 10.6313158
14 19 -41.2757103
15 19 -2218.06896
16 19 -53.1013726
17 19 -82.8104792
18 19 12.6429419
19 19 2805.8144
20 19 40.0925668
21 19 35.9205129
22 19 22.4288934
23 19 -1490.36425
24 19 -11.9994148
25 19 -18.0835319
26 19 -13.2714263
27 19 359.247494
28 19 0
10 20 0
11 20 0
12 20 543.734239
13 20 79.4859499
14 20 4.07382914
15 20 -16.1198242
16 20 -2232.45167
17 20 -241.738267
18 20 -10.8082643
19 20 40.0925668
20 20 2827.22334
21 20 153.679755
22 20 10.8518646
23 20 -36.5770314
24 20 -1498.08385
25 20 -47.3692077
26 20 -4.1174294
27 20 12.6042888
28 20 359.492549
14 21 -55.253886
15 21 -12.9865787
16 21 -60.3814564
17 21 -18.0994386
18 21 139.838921
19 21 35.9205129
20 21 153.679755
21 21 24.4311071
22 21 -129.546379
23 21 -36.4602528
24 21 -142.982931
25 21 -13.726448
26 21 44.9613437
27 21 13.5263186
28 21 49.824639
14 22 452.188116
15 22 -13.6039449
16 22 -4.48752976
17 22 71.0672342
18 22 -1494.26429
19 22 22.4288934
20 22 10.8518646
21 22 -129.546379
22 22 3.74999775e+15
23 22 -815067961
24 22 -13075870.2
25 22 -190831622
26 22 -3.74999775e+15
27 22 -3.74999775e+15
28 22 12347147.6
29 22 250955492
30 22 3.74999775e+15
31 22 -960530087
32 22 0
14 23 13.6039418
15 23 452.188113
16 23 14.2832306
17 23 23.0560927
18 23 -31.3218453
19 23 -1490.36425
20 23 -36.5770314
21 23 -36.4602528
22 23 -815067961
23 23 2332.80846
24 23 42.8343254
25 23 66.5959846
26 23 815068269
27 23 815066230
28 23 -18.1360493
29 23 -37.3743395
30 23 -815068016
31 23 586.818017
32 23 0
14 24 0
15 24 0
16 24 452.392704
17 24 65.3828016
18 24 3.92812775
19 24 -11.9994148
20 24 -1498.08385
21 24 -142.982931
22 24 -13075870.2
23 24 42.8343254
24 24 2350.25831
25 24 172.653908
26 24 13075878.5
27 24 13075807.2
28 24 -1891.66689
29 24 -77.2331425
30 24 -13075863.2
31 24 19.1991527
32 24 587.114386
18 25 -52.071137
19 25 -18.0835319
20 25 -47.3692077
21 25 -13.726448
22 25 -190831622
23 25 66.5959846
24 25 172.653908
25 25 37.6453454
26 25 190831660
27 25 190831758
28 25 -203.797578
29 25 -23.9376252
30 25 -190831732
31 25 30.0735534
32 25 78.5531241
18 26 359.247495
19 26 -13.2714263
20 26 -4.1174294
21 26 44.9613437
22 26 -3.74999775e+15
23 26 815068269
24 26 13075878.5
25 26 190831660
26 26 3.74999775e+15
27 26 3.74999775e+15
28 26 -12347170.7
29 26 -250955368
30 26 -3.74999775e+15
31 26 960530379
32 26 9.94495827
33 26 -107.749265
34 26 728.050081
35 26 20.3001
36 26 0
18 27 13.2714258
19 27 359.247494
20 27 12.6042888
21 27 13.5263186
22 27 -3.74999775e+15
23 27 815066230
24 27 13075807.2
25 27 190831758
26 27 3.74999775e+15
27 27 3.74999775e+15
28 27 -12347081.2
29 27 -250955490
30 27 -3.74999775e+15
31 27 960527542
32 27 -22.9062684
33 27 -46.3243775
34 27 -20.3000947
35 27 728.050079
36 27 0
18 28 0
19 28 0
20 28 359.492549
21 28 49.824639
22 28 12347147.6
23 28 -18.1360493
24 28 -1891.66689
25 28 -203.797578
26 28 -12347170.7
27 28 -12347081.2
28 28 3545.20252
29 28 264.911632
30 28 12347170.2
31 28 -65.0071967
32 28 -2741.30209
33 28 -95.3695402
34 28 -10.5261607
35 28 21.9770338
36 28 728.333036
22 29 250955492
23 29 -37.3743395
24 29 -77.2331425
25 29 -23.9376252
26 29 -250955368
27 29 -250955490
28 29 264.911632
29 29 61.7525437
30 29 250955277
31 29 -145.197217
32 29 -284.045295
33 29 -31.0652993
34 29 103.160421
35 29 49.9574586
36 29 96.2543928
22 30 3.74999775e+15
23 30 -815068016
24 30 -13075863.2
25 30 -190831732
26 30 -3.74999775e+15
27 30 -3.74999775e+15
28 30 12347170.2
29 30 250955277
30 30 3.74999775e+15
31 30 -960530118
32 30 -31.749305
33 30 324.315824
34 30 -3119.03923
35 30 -53.6065477
36 30 13.0042428
37 30 -141.169016
38 30 874.375781
39 30 24.6533315
40 30 0
22 31 -960530087
23 31 586.818017
24 31 19.1991527
25 31 30.0735534
26 31 960530379
27 31 960527542
28 31 -65.0071967
29 31 -145.197217
30 31 -960530118
31 31 4382.4201
32 31 69.8190952
33 31 146.374344
34 31 36.3003106
35 31 -3115.3269
36 31 -26.2521028
37 31 -71.6724166
38 31 -24.6533306
39 31 874.375687
40 31 0
22 32 0
23 32 0
24 32 587.114386
25 32 78.5531241
26 32 9.94495827
27 32 -22.9062684
28 32 -2741.30209
29 32 -284.045295
30 32 -31.749305
31 32 69.8190952
32 32 4407.08253
33 32 294.999638
34 32 35.3223682
35 32 -73.7686795
36 32 -3127.67033
37 32 -115.702112
38 32 -13.5180214
39 32 26.8558497
40 32 874.72327
26 33 -107.749265
27 33 -46.3243775
28 33 -95.3695402
29 33 -31.0652993
30 33 324.315824
31 33 146.374344
32 33 294.999638
33 33 64.0820818
34 33 -336.652333
35 33 -158.488225
36 33 -314.071768
37 33 -39.2844025
38 33 120.085773
39 33 58.4382522
40 33 114.607955
26 34 728.050081
27 34 -20.3000947
28 34 -10.5261607
29 34 103.160421
30 34 -3119.03923
31 34 36.3003106
32 34 35.3223682
33 34 -336.652333
34 34 5353.99719
35 34 19.9980928
36 34 -45.5349341
37 34 467.630531
38 34 -4065.57326
39 34 -63.9996836
40 34 17.2717271
41 34 -171.987555
42 34 1102.57924
43 34 28.0013755
44 34 0
26 35 20.3001
27 35 728.050079
28 35 21.9770338
29 35 49.9574586
30 35 -53.6065477
31 35 -3115.3269
32 35 -73.7686795
33 35 -158.488225
34 35 19.9980928
35 35 5346.78632
36 35 87.8225207
37 35 248.547198
38 35 41.3097372
39 35 -4062.07427
40 35 -32.7365797
41 35 -90.5332043
42 35 -28.0013819
43 35 1102.57912
44 35 0
26 36 0
27 36 0
28 36 728.333036
29 36 96.2543928
30 36 13.0042428
31 36 -26.2521028
32 36 -3127.67033
33 36 -314.071768
34 36 -45.5349341
35 36 87.8225207
36 36 5373.75141
37 36 392.496431
38 36 50.7337502
39 36 -93.8069942
40 36 -4077.24873
41 36 -145.347825
42 36 -18.203059
43 36 32.2365832
44 36 1102.93475
30 37 -141.169016
31 37 -71.6724166
32 37 -115.702112
33 37 -39.2844025
34 37 467.630531
35 37 248.547198
36 37 392.496431
37 37 102.814011
38 37 -493.07324
39 37 -271.262282
40 37 -422.298601
41 37 -52.9093166
42 37 166.611726
43 37 94.38752
44 37 145.40351
30 38 874.375781
31 38 -24.6533306
32 38 -13.5180214
33 38 120.085773
34 38 -4065.57326
35 38 41.3097372
36 38 50.7337502
37 38 -493.07324
38 38 6447.34093
39 38 22.9242571
40 38 -52.310522
41 38 503.671698
42 38 -4202.81288
43 38 -63.4782015
44 38 16.6010379
45 38 -144.140754
46 38 946.683453
47 38 23.8975433
48 38 0
30 39 24.6533315
31 39 874.375687
32 39 26.8558497
33 39 58.4382522
34 39 -63.9996836
35 39 -4062.07427
36 39 -93.8069942
37 39 -271.262282
38 39 22.9242571
39 39 6441.46782
40 39 95.5653373
41 39 277.978741
42 39 40.3196384
43 39 -4200.43882
44 39 -29.9503256
45 39 -79.5160615
46 39 -23.8975438
47 39 946.683242
48 39 0
30 40 0
31 40 0
32 40 874.72327
33 40 114.607955
34 40 17.2717271
35 40 -32.7365797
36 40 -4077.24873
37 40 -422.298601
38 40 -52.310522
39 40 95.5653373
40 40 6470.65191
41 40 431.888076
42 40 51.3109108
43 40 -90.1899797
44 40 -4215.07479
45 40 -121.174548
46 40 -16.2721159
47 40 27.3612184
48 40 946.985034
34 41 -171.987555
35 41 -90.5332043
36 41 -145.347825
37 41 -52.9093166
38 41 503.671698
39 41 277.978741
40 41 431.888076
41 41 105.555262
42 41 -474.843394
43 41 -273.01787
44 41 -412.480564
45 41 -45.1152437
46 41 143.159251
47 41 85.5723243
48 41 125.964921
34 42 1102.57924
35 42 -28.0013819
36 42 -18.203059
37 42 166.611726
38 42 -4202.81288
39 42 40.3196384
40 42 51.3109108
41 42 -474.843394
42 42 5699.3301
43 42 21.1583886
44 42 -46.6091949
45 42 393.38671
46 42 -3325.80069
47 42 -52.9978226
48 42 13.9382963
49 42 -108.240416
50 42 726.718243
51 42 19.521173
52 42 0
34 43 28.0013755
35 43 1102.57912
36 43 32.2365832
37 43 94.38752
38 43 -63.4782015
39 43 -4200.43882
40 43 -90.1899797
41 43 -273.01787
42 43 21.1583886
43 43 5695.94124
44 43 81.2866928
45 43 226.729097
46 43 33.8396115
47 43 -3324.78549
48 43 -23.693159
49 43 -63.8068932
50 43 -19.5211739
51 43 726.718082
52 43 0
34 44 0
35 44 0
36 44 1102.93475
37 44 145.40351
38 44 16.6010379
39 44 -29.9503256
40 44 -4215.07479
41 44 -412.480564
42 44 -46.6091949
43 44 81.2866928
44 44 5721.62433
45 44 335.39006
46 44 43.968253
47 44 -73.6686033
48 44 -3336.44591
49 44 -92.6522644
50 44 -13.960096
51 44 22.332236
52 44 726.980387
38 45 -144.140754
39 45 -79.5160615
40 45 -121.174548
41 45 -45.1152437
42 45 393.38671
43 45 226.729097
44 45 335.39006
45 45 78.5906679
46 45 -357.106089
47 45 -214.597578
48 45 -308.592669
49 45 -34.0164458
50 45 107.860133
51 45 67.3845429
52 45 94.4384163
38 46 946.683453
39 46 -23.8975438
40 46 -16.2721159
41 46 143.159251
42 46 -3325.80069
43 46 33.8396115
44 46 43.968253
45 46 -357.106089
46 46 4454.17929
47 46 18.0403227
48 46 -40.7291333
49 46 306.725074
50 46 -2709.14247
51 46 -45.7427246
52 46 12.7457384
53 46 -93.210588
54 46 634.09443
55 46 17.760334
56 46 0
38 47 23.8975433
39 47 946.683242
40 47 27.3612184
41 47 85.5723243
42 47 -52.9978226
43 47 -3324.78549
44 47 -73.6686033
45 47 -214.597578
46 47 18.0403227
47 47 4453.16029
48 47 66.7959686
49 47 189.422216
50 47 28.8202934
51 47 -2709.13831
52 47 -20.6807288
53 47 -57.1411725
54 47 -17.7603371
55 47 634.094288
56 47 0
38 48 0
39 48 0
40 48 946.985034
41 48 125.964921
42 48 13.9382963
43 48 -23.693159
44 48 -3336.44591
45 48 -308.592669
46 48 -40.7291333
47 48 66.7959686
48 48 4474.17009
49 48 266.343256
50 48 40.1133881
51 48 -63.120123
52 48 -2719.03395
53 48 -80.2601472
54 48 -13.3225511
55 48 20.0173134
56 48 634.343107
42 49 -108.240416
43 49 -63.8068932
44 49 -92.6522644
45 49 -34.0164458
46 49 306.725074
47 49 189.422216
48 49 266.343256
49 49 63.437282
50 49 -290.033804
51 49 -186.947626
52 49 -255.243284
53 49 -29.3146032
54 49 91.5491459
55 49 61.3323033
56 49 81.5542105
42 50 726.718243
43 50 -19.5211739
44 50 -13.960096
45 50 107.860133
46 50 -2709.14247
47 50 28.8202934
48 50 40.1133881
49 50 -290.033804
50 50 3847.2255
51 50 16.5584622
52 50 -38.3777826
53 50 271.97991
54 50 -2443.00034
55 50 -42.2047262
56 50 12.4652581
57 50 -82.1018714
58 50 578.213087
59 50 16.3471445
60 50 0
42 51 19.521173
43 51 726.718082
44 51 22.332236
45 51 67.3845429
46 51 -45.7427246
47 51 -2709.13831
48 51 -63.120123
49 51 -186.947626
50 51 16.5584622
51 51 3848.11985
52 51 59.999525
53 51 174.851592
54 51 26.0102341
55 51 -2443.89856
56 51 -18.8541224
57 51 -54.6118926
58 51 -16.3471446
59 51 578.212956
60 51 0
42 52 0
43 52 0
44 52 726.980387
45 52 94.4384163
46 52 12.7457384
47 52 -20.6807288
48 52 -2719.03395
49 52 -255.243284
50 52 -38.3777826
51 52 59.999525
52 52 3866.54211
53 52 237.966906
54 52 38.3473545
55 52 -57.537335
56 52 -2452.90763
57 52 -72.107685
58 52 -12.7153103
59 52 18.2185388
60 52 578.444121
46 53 -93.210588
47 53 -57.1411725
48 53 -80.2601472
49 53 -29.3146032
50 53 271.97991
51 53 174.851592
52 53 237.966906
53 53 57.5746145
54 53 -261.139639
55 53 -174.96759
56 53 -231.612991
57 53 -26.319131
58 53 82.3703171
59 53 57.2571696
60 53 73.9774758
46 54 634.09443
47 54 -17.7603371
48 54 -13.3225511
49 54 91.5491459
50 54 -2443.00034
51 54 26.0102341
52 54 38.3473545
53 54 -261.139639
54 54 3427.30164
55 54 15.5914562
56 54 -35.6330589
57 54 229.000849
58 54 -2020.80327
59 54 -35.4022551
60 54 10.8162467
61 54 -53.2309173
62 54 402.421565
63 54 11.560902
64 54 0
46 55 17.760334
47 55 634.094288
48 55 20.0173134
49 55 61.3323033
50 55 -42.2047262
51 55 -2443.89856
52 55 -57.537335
53 55 -174.96759
54 55 15.5914562
55 55 3429.87513
56 55 52.0332152
57 55 157.685554
58 55 20.4138366
59 55 -2022.47831
60 55 -14.3950631
61 55 -41.5569239
62 55 -11.5609006
63 55 402.421475
64 55 0
46 56 0
47 56 0
48 56 634.343107
49 56 81.5542105
50 56 12.4652581
51 56 -18.8541224
52 56 -2452.90763
53 56 -231.612991
54 56 -35.6330589
55 56 52.0332152
56 56 3446.28557
57 56 203.044659
58 56 32.6167209
59 56 -45.8184162
60 56 -2030.28481
61 56 -50.9325816
62 56 -9.44892001
63 56 12.6393234
64 56 402.587592
50 57 -82.1018714
51 57 -54.6118926
52 57 -72.107685
53 57 -26.319131
54 57 229.000849
55 57 157.685554
56 57 203.044659
57 57 47.6186738
58 57 -203.067449
59 57 -143.805359
60 57 -181.238789
61 57 -17.9762665
62 57 56.1684713
63 57 40.7316972
64 57 50.414809
50 58 578.213087
51 58 -16.3471446
52 58 -12.7153103
53 58 82.3703171
54 58 -2020.80327
55 58 20.4138366
56 58 32.6167209
57 58 -203.067449
58 58 2469.50392
59 58 12.5020565
60 58 -28.0757941
61 58 135.3827
62 58 -1269.51015
63 58 -24.6947316
64 58 7.39184473
65 58 -31.21824
66 58 242.610433
67 58 8.12598293
68 58 0
50 59 16.3471445
51 59 578.212956
52 59 18.2185388
53 59 57.2571696
54 59 -35.4022551
55 59 -2022.47831
56 59 -45.8184162
57 59 -143.805359
58 59 12.5020565
59 59 2472.828
60 59 36.1697867
61 59 109.026487
62 59 14.6790361
63 59 -1271.159
64 59 -9.24559218
65 59 -25.0948339
66 59 -8.12598214
67 59 242.610379
68 59 0
50 60 0
51 60 0
52 60 578.444121
53 60 73.9774758
54 60 10.8162467
55 60 -14.3950631
56 60 -2030.28481
57 60 -181.238789
58 60 -28.0757941
59 60 36.1697867
60 60 2485.35916
61 60 130.617493
62 60 24.344684
63 60 -30.0598754
64 60 -1276.24401
65 60 -29.7641851
66 60 -7.08513668
67 60 8.28515182
68 60 242.746481
54 61 -53.2309173
55 61 -41.5569239
56 61 -50.9325816
57 61 -17.9762665
58 61 135.3827
59 61 109.026487
60 61 130.617493
61 61 28.5476665
62 61 -113.562248
63 61 -94.2800943
64 61 -110.565785
65 61 -10.5923752
66 61 31.4104652
67 61 26.8105311
68 61 30.8203472
54 62 402.421565
55 62 -11.5609006
56 62 -9.44892001
57 62 56.1684713
58 62 -1269.51015
59 62 14.6790361
60 62 24.344684
61 62 -113.562248
62 62 1581.22853
63 62 8.65295148
64 62 -22.2663132
65 62 91.6519059
66 62 -1024.76361
67 62 -23.1253688
68 62 7.76766935
69 62 -36.3221316
70 62 310.637671
71 62 11.3542818
72 62 0
54 63 11.560902
55 63 402.421475
56 63 12.6393234
57 63 40.7316972
58 63 -24.6947316
59 63 -1271.159
60 63 -30.0598754
61 63 -94.2800943
62 63 8.65295148
63 63 1584.53671
64 63 26.7037492
65 63 76.8075175
66 63 15.8351596
67 63 -1026.42277
68 63 -8.63849679
69 63 -33.5155001
70 63 -11.3542815
71 63 310.637604
72 63 0
54 64 0
55 64 0
56 64 402.587592
57 64 50.414809
58 64 7.39184473
59 64 -9.24559218
60 64 -1276.24401
61 64 -110.565785
62 64 -22.2663132
63 64 26.7037492
64 64 1593.09099
65 64 88.9720195
66 64 25.2367371
67 64 -28.6703806
68 64 -1030.2458
69 64 -36.7231093
70 64 -10.3622686
71 64 11.2122235
72 64 310.845111
58 65 -31.21824
59 65 -25.0948339
60 65 -29.7641851
61 65 -10.5923752
62 65 91.6519059
63 65 76.8075175
64 65 88.9720195
65 65 21.1859264
66 65 -99.5318644
67 65 -86.9158622
68 65 -98.3182767
69 65 -12.9718123
70 65 39.0981985
71 65 35.2031785
72 65 39.1724669
58 66 242.610433
59 66 -8.12598214
60 66 -7.08513668
61 66 31.4104652
62 66 -1024.76361
63 66 15.8351596
64 66 25.2367371
65 66 -99.5318644
66 66 1937.69898
67 66 10.4650272
68 66 -29.6924357
69 66 134.019638
70 66 -1547.23526
71 66 -29.1300361
72 66 12.0402325
73 66 -44.1683493
74 66 391.703471
75 66 10.9558317
76 66 0
58 67 8.12598293
59 67 242.610379
60 67 8.28515182
61 67 26.8105311
62 67 -23.1253688
63 67 -1026.42277
64 67 -28.6703806
65 67 -86.9158622
66 67 10.4650272
67 67 1943.70616
68 67 31.3761865
69 67 128.67848
70 67 15.4901912
71 67 -1551.58314
72 67 -11.7367173
73 67 -46.7379046
74 67 -10.9558324
75 67 391.703387
76 67 0
58 68 0
59 68 0
60 68 242.746481
61 68 30.8203472
62 68 7.76766935
63 68 -8.63849679
64 68 -1030.2458
65 68 -98.3182767
66 68 -29.6924357
67 68 31.3761865
68 68 1953.20195
69 68 137.589353
70 68 32.4990199
71 68 -33.0398537
72 68 -1557.56166
73 68 -48.6314556
74 68 -10.5742535
75 68 10.302164
76 68 391.856657
62 69 -36.3221316
63 69 -33.5155001
64 69 -36.7231093
65 69 -12.9718123
66 69 134.019638
67 69 128.67848
68 69 137.589353
69 69 34.2352959
70 69 -142.16575
71 69 -139.585903
72 69 -147.219267
73 69 -16.0431279
74 69 44.4682431
75 69 44.4229228
76 69 46.3890124
62 70 310.637671
63 70 -11.3542815
64 70 -10.3622686
65 70 39.0981985
66 70 -1547.23526
67 70 15.4901912
68 70 32.4990199
69 70 -142.16575
70 70 2100.71031
71 70 11.6508299
72 70 -26.8073969
73 70 97.138337
74 70 -917.445872
75 70 -17.5127997
76 70 3.00712122
77 70 -4.20650288
62 71 11.3542818
63 71 310.637604
64 71 11.2122235
65 71 35.2031785
66 71 -29.1300361
67 71 -1551.58314
68 71 -33.0398537
69 71 -139.585903
70 71 11.6508299
71 71 2108.69271
72 71 25.4296926
73 71 106.075015
74 71 7.85098425
75 71 -921.080314
76 71 -2.82691153
77 71 -4.44311249
62 72 0
63 72 0
64 72 310.845111
65 72 39.1724669
66 72 12.0402325
67 72 -11.7367173
68 72 -1557.56166
69 72 -147.219267
70 72 -26.8073969
71 72 25.4296926
72 72 2118.19259
73 72 108.521504
74 72 16.5091009
75 72 -15.195174
76 72 -924.783926
77 72 -4.641743
66 73 -44.1683493
67 73 -46.7379046
68 73 -48.6314556
69 73 -16.0431279
70 73 97.138337
71 73 106.075015
72 73 108.521504
73 73 21.2225363
74 73 -58.9527069
75 73 -66.2988418
76 73 -66.8282536
77 73 -1.65084261
66 74 391.703471
67 74 -10.9558324
68 74 -10.5742535
69 74 44.4682431
70 74 -917.445872
71 74 7.85098425
72 74 16.5091009
73 74 -58.9527069
74 74 619.554489
75 74 4.38875327
76 74 -5.29945387
77 74 8.47771666
66 75 10.9558317
67 75 391.703387
68 75 10.302164
69 75 44.4229228
70 75 -17.5127997
71 75 -921.080314
72 75 -15.195174
73 75 -66.2988418
74 75 4.38875327
75 75 622.513325
76 75 4.84039953
77 75 9.38483752
66 76 0
67 76 0
68 76 391.856657
69 76 46.3890124
70 76 3.00712122
71 76 -2.82691153
72 76 -924.783926
73 76 -66.8282536
74 76 -5.29945387
75 76 4.84039953
76 76 625.939144
77 76 9.59822427
70 77 -4.20650288
71 77 -4.44311249
72 77 -4.641743
73 77 -1.65084261
74 77 8.47771666
75 77 9.38483752
76 77 9.59822427
77 77 2.52601751
