# name: debug
# type: sparse matrix
# nnz: 1303
# rows: 77
# columns: 77

1 1 2.13325636
2 1 -4.0722014
3 1 -0.265039135
4 1 -8.09755215
5 1 -0.96921021
6 1 2.02751433
7 1 -0.285818281
8 1 5.42019172
1 2 -4.0722014
2 2 418.525301
3 2 2.35502348
4 2 0.185435387
5 2 47.5547078
6 2 -778.201408
7 2 -23.2305253
8 2 1.32257066
9 2 -63.03178
10 2 388.660985
11 2 16.2451601
12 2 0
1 3 -0.265039135
2 3 2.35502348
3 3 414.850145
4 3 13.9673851
5 3 -1.60096321
6 3 16.6229716
7 3 -772.661432
8 3 -12.9322371
9 3 -8.64188539
10 3 -16.2451575
11 3 388.660985
12 3 0
1 4 -8.09755215
2 4 0.185435387
3 4 13.9673851
4 4 420.914286
5 4 56.5193721
6 4 0.748905051
7 4 -27.7661715
8 4 -780.92243
9 4 -58.010685
10 4 -0.753382873
11 4 14.335913
12 4 389.000341
1 5 -0.96921021
2 5 47.5547078
3 5 -1.60096321
4 5 56.5193721
5 5 13.9157637
6 5 -91.4053555
7 5 1.8623717
8 5 -111.629583
9 5 -16.0030995
10 5 46.3406004
11 5 -0.687103921
12 5 57.7179891
1 6 2.02751433
2 6 -778.201408
3 6 16.6229716
4 6 0.748905051
5 6 -91.4053555
6 6 2242.48167
7 6 10.2608917
8 6 -6.38638654
9 6 238.361825
10 6 -1992.03531
11 6 -39.7447205
12 6 2.28900883
13 6 -64.081746
14 6 509.334497
15 6 16.5424461
16 6 0
1 7 -0.285818281
2 7 -23.2305253
3 7 -772.661432
4 7 -27.7661715
5 7 1.8623717
6 7 10.2608917
7 7 2227.37103
8 7 48.8707772
9 7 38.4145104
10 7 25.8304884
11 7 -1982.46465
12 7 -16.9433079
13 7 -8.32950616
14 7 -16.5424447
15 7 509.334501
16 7 0
1 8 5.42019172
2 8 1.32257066
3 8 -12.9322371
4 8 -780.92243
5 8 -111.629583
6 8 -6.38638654
7 8 48.8707772
8 8 2249.57519
9 8 221.695269
10 8 8.09250307
11 8 -52.7786021
12 8 -1996.87557
13 8 -72.7639563
14 8 -3.0286872
15 8 16.8400619
16 8 509.603067
2 9 -63.03178
3 9 -8.64188539
4 9 -58.010685
5 9 -16.0030995
6 9 238.361825
7 9 38.4145104
8 9 221.695269
9 9 53.846108
10 9 -256.328814
11 9 -44.6668038
12 9 -240.354318
13 9 -21.3657917
14 9 80.99877
15 9 14.8941787
16 9 76.4732588
2 10 388.660985
3 10 -16.2451575
4 10 -0.753382873
5 10 46.3406004
6 10 -1992.03531
7 10 25.8304884
8 10 8.09250307
9 10 -256.328814
10 10 3041.59145
11 10 12.2417461
12 10 -7.31244307
13 10 180.163539
14 10 -1981.58846
15 10 -41.3023765
16 10 4.21942935
17 10 -87.1103194
18 10 543.385342
19 10 19.4753007
20 10 0
2 11 16.2451601
3 11 388.660985
4 11 14.335913
5 11 -0.687103921
6 11 -39.7447205
7 11 -1982.46465
8 11 -52.7786021
9 11 -44.6668038
10 11 12.2417461
11 11 3025.66363
12 11 47.4782839
13 11 25.5886778
14 11 30.7331179
15 11 -1975.2313
16 11 -17.43155
17 11 -23.6500094
18 11 -19.4753037
19 11 543.385346
20 11 0
2 12 0
3 12 0
4 12 389.000341
5 12 57.7179891
6 12 2.28900883
7 12 -16.9433079
8 12 -1996.87557
9 12 -240.354318
10 12 -7.31244307
11 12 47.4782839
12 12 3049.81431
13 12 207.417833
14 12 8.72981121
15 12 -48.4603082
16 12 -1985.79584
17 12 -76.9208163
18 12 -3.70637698
19 12 17.9253321
20 12 543.734239
6 13 -64.081746
7 13 -8.32950616
8 13 -72.7639563
9 13 -21.3657917
10 13 180.163539
11 13 25.5886778
12 13 207.417833
13 13 34.81074
14 13 -183.434943
15 13 -27.8904874
16 13 -213.920307
17 13 -22.4034069
18 13 67.3531498
19 13 10.6313158
20 13 79.4859499
6 14 509.334497
7 14 -16.5424447
8 14 -3.0286872
9 14 80.99877
10 14 -1981.58846
11 14 30.7331179
12 14 8.72981121
13 14 -183.434943
14 14 3246.36892
15 14 13.4810945
16 14 -14.9584059
17 14 282.350444
18 14 -2226.28906
19 14 -41.2757103
20 14 4.07382914
21 14 -55.253886
22 14 452.188116
23 14 13.6039418
24 14 0
6 15 16.5424461
7 15 509.334501
8 15 16.8400619
9 15 14.8941787
10 15 -41.3023765
11 15 -1975.2313
12 15 -48.4603082
13 15 -27.8904874
14 15 13.4810945
15 15 3231.79167
16 15 56.249692
17 15 83.4043958
18 15 24.8827817
19 15 -2218.06896
20 15 -16.1198242
21 15 -12.9865787
22 15 -13.6039449
23 15 452.188113
24 15 0
6 16 0
7 16 0
8 16 509.603067
9 16 76.4732588
10 16 4.21942935
11 16 -17.43155
12 16 -1985.79584
13 16 -213.920307
14 16 -14.9584059
15 16 56.249692
16 16 3256.4443
17 16 253.038855
18 16 15.2265063
19 16 -53.1013726
20 16 -2232.45167
21 16 -60.3814564
22 16 -4.48752976
23 16 14.2832306
24 16 452.392704
10 17 -87.1103194
11 17 -23.6500094
12 17 -76.9208163
13 17 -22.4034069
14 17 282.350444
15 17 83.4043958
16 17 253.038855
17 17 59.4388804
18 17 -266.307359
19 17 -82.8104792
20 17 -241.738267
21 17 -18.0994386
22 17 71.0672342
23 17 23.0560927
24 17 65.3828016
10 18 543.385342
11 18 -19.4753037
12 18 -3.70637698
13 18 67.3531498
14 18 -2226.28906
15 18 24.8827817
16 18 15.2265063
17 18 -266.307359
18 18 2817.93453
19 18 12.6429419
20 18 -10.8082643
21 18 139.838921
22 18 -1494.26429
23 18 -31.3218453
24 18 3.92812775
25 18 -52.071137
26 18 359.247495
27 18 13.2714258
28 18 0
10 19 19.4753007
11 19 543.385346
12 19 17.9253321
13 19 10.6313158
14 19 -41.2757103
15 19 -2218.06896
16 19 -53.1013726
17 19 -82.8104792
18 19 12.6429419
19 19 2805.8144
20 19 40.0925668
21 19 35.9205129
22 19 22.4288934
23 19 -1490.36425
24 19 -11.9994148
25 19 -18.0835319
26 19 -13.2714263
27 19 359.247494
28 19 0
10 20 0
11 20 0
12 20 543.734239
13 20 79.4859499
14 20 4.07382914
15 20 -16.1198242
16 20 -2232.45167
17 20 -241.738267
18 20 -10.8082643
19 20 40.0925668
20 20 2827.22334
21 20 153.679755
22 20 10.8518646
23 20 -36.5770314
24 20 -1498.08385
25 20 -47.3692077
26 20 -4.1174294
27 20 12.6042888
28 20 359.492549
14 21 -55.253886
15 21 -12.9865787
16 21 -60.3814564
17 21 -18.0994386
18 21 139.838921
19 21 35.9205129
20 21 153.679755
21 21 24.4311071
22 21 -129.546379
23 21 -36.4602528
24 21 -142.982931
25 21 -13.726448
26 21 44.9613437
27 21 13.5263186
28 21 49.824639
14 22 452.188116
15 22 -13.6039449
16 22 -4.48752976
17 22 71.0672342
18 22 -1494.26429
19 22 22.4288934
20 22 10.8518646
21 22 -129.546379
22 22 3.74999775e+15
23 22 -815067961
24 22 -13075870.2
25 22 -190831622
26 22 -3.74999775e+15
27 22 -3.74999775e+15
28 22 12347147.6
29 22 250955492
30 22 3.74999775e+15
31 22 -960530087
32 22 0
14 23 13.6039418
15 23 452.188113
16 23 14.2832306
17 23 23.0560927
18 23 -31.3218453
19 23 -1490.36425
20 23 -36.5770314
21 23 -36.4602528
22 23 -815067961
23 23 2332.80846
24 23 42.8343254
25 23 66.5959846
26 23 815068269
27 23 815066230
28 23 -18.1360493
29 23 -37.3743395
30 23 -815068016
31 23 586.818017
32 23 0
14 24 0
15 24 0
16 24 452.392704
17 24 65.3828016
18 24 3.92812775
19 24 -11.9994148
20 24 -1498.08385
21 24 -142.982931
22 24 -13075870.2
23 24 42.8343254
24 24 2350.25831
25 24 172.653908
26 24 13075878.5
27 24 13075807.2
28 24 -1891.66689
29 24 -77.2331425
30 24 -13075863.2
31 24 19.1991527
32 24 587.114386
18 25 -52.071137
19 25 -18.0835319
20 25 -47.3692077
21 25 -13.726448
22 25 -190831622
23 25 66.5959846
24 25 172.653908
25 25 37.6453454
26 25 190831660
27 25 190831758
28 25 -203.797578
29 25 -23.9376252
30 25 -190831732
31 25 30.0735534
32 25 78.5531241
18 26 359.247495
19 26 -13.2714263
20 26 -4.1174294
21 26 44.9613437
22 26 -3.74999775e+15
23 26 815068269
24 26 13075878.5
25 26 190831660
26 26 3.74999775e+15
27 26 3.74999775e+15
28 26 -12347170.7
29 26 -250955368
30 26 -3.74999775e+15
31 26 960530379
32 26 9.94495827
33 26 -107.749265
34 26 728.050081
35 26 20.3001
36 26 0
18 27 13.2714258
19 27 359.247494
20 27 12.6042888
21 27 13.5263186
22 27 -3.74999775e+15
23 27 815066230
24 27 13075807.2
25 27 190831758
26 27 3.74999775e+15
27 27 3.74999775e+15
28 27 -12347081.2
29 27 -250955490
30 27 -3.74999775e+15
31 27 960527542
32 27 -22.9062684
33 27 -46.3243775
34 27 -20.3000947
35 27 728.050079
36 27 0
18 28 0
19 28 0
20 28 359.492549
21 28 49.824639
22 28 12347147.6
23 28 -18.1360493
24 28 -1891.66689
25 28 -203.797578
26 28 -12347170.7
27 28 -12347081.2
28 28 3545.20252
29 28 264.911632
30 28 12347170.2
31 28 -65.0071967
32 28 -2741.30209
33 28 -95.3695402
34 28 -10.5261607
35 28 21.9770338
36 28 728.333036
22 29 250955492
23 29 -37.3743395
24 29 -77.2331425
25 29 -23.9376252
26 29 -250955368
27 29 -250955490
28 29 264.911632
29 29 61.7525437
30 29 250955277
31 29 -145.197217
32 29 -284.045295
33 29 -31.0652993
34 29 103.160421
35 29 49.9574586
36 29 96.2543928
22 30 3.74999775e+15
