# 7号 哨兵
image_width: 1440 
image_height: 1080
camera_name: narrow_stereo
camera_matrix:
  rows: 3
  cols: 3
  data: [2354.4834566543195, 0.0, 711.7226708430177, 0.0, 2353.9312956372796, 562.399568410604, 0.0, 0.0, 1.0]
distortion_model: plumb_bob
distortion_coefficients:
  rows: 5
  cols: 1
  data:  [-0.08909473749146206, 0.41634588213818036, 0.0005119830494831156, -0.0005106697796384884, 0.0]

rectification_matrix:
  rows: 3
  cols: 3
  data: [1.000000, 0.000000, 0.000000,
        0.000000, 1.000000, 0.000000,
        0.000000, 0.000000, 1.000000]
projection_matrix:
  rows: 3
  cols: 4
  data: [2343.4150390625, 0.0, 710.879635014222, 0.0, 0.0, 2343.306396484375, 562.1780087740808, 0.0, 0.0, 0.0, 1.0, 0.0]