# 7号 哨兵
image_width: 1440 
image_height: 1080
camera_name: narrow_stereo
camera_matrix:
  rows: 3
  cols: 3
  data: [1787.3638224816073, 0.0, 711.5203585468869, 0.0, 1784.0345695374654, 534.816799522599, 0.0, 0.0, 1.0]
distortion_model: plumb_bob
distortion_coefficients:
  rows: 5
  cols: 1
  data:  [-0.08374082629399765, 0.1322920084862448, -0.0012101738555715734, 9.554713499490078e-05, 0.0]

rectification_matrix:
  rows: 3
  cols: 3
  data: [1.000000, 0.000000, 0.000000,
        0.000000, 1.000000, 0.000000,
        0.000000, 0.000000, 1.000000]
projection_matrix:
  rows: 3
  cols: 4
  data: [1767.8194580078125, 0.0, 710.9975162015726, 0.0, 0.0, 1770.5108642578125, 533.6561513107881, 0.0, 0.0, 0.0, 1.0, 0.0]