# 1号 用于英雄
image_width: 1440 
image_height: 1080
camera_name: narrow_stereo
camera_matrix:
  rows: 3
  cols: 3
  data: [2368.384523, 0.000000, 716.701393,
    0.000000, 2364.057392, 547.876929,
    0.000000 ,0.000000 ,1.000000

    ]
distortion_model: plumb_bob
distortion_coefficients:
  rows: 5
  cols: 1
  data: [-0.089268, 0.267525, -0.001313 ,0.000216, 0.000000

    ]
rectification_matrix:
  rows: 3
  cols: 3
  data: [1.000000, 0.000000, 0.000000,
        0.000000, 1.000000, 0.000000,
        0.000000, 0.000000, 1.000000]
projection_matrix:
  rows: 3
  cols: 4
  data: [2352.565674, 0.000000 ,716.327043 ,0.000000,
    0.000000 ,2352.584961 ,546.928366, 0.000000,
    0.000000 ,0.000000 ,1.000000, 0.000000]
